procs -----------memoria---------- ---swap-- -----io---- -sistema-- ------cpu-----
r  b   swpd  libre búfer caché   si   so    bi    bo   in   cs us sy id wa st
4  0   1036  81872  45736 1197636    0    0   298   266  690  453  3  1 96  1  0
0  0   1292  90496  44912 1178380    0    4    23    20  514  191  3  1 97  0  0
0  0   1292  88984  44916 1178444    0    0     4     4  523   98  1  0 98  0  0
0  0   1292  88984  44932 1178444    0    0     0    58  563   96  1  0 99  0  0
0  0   1292  88984  44956 1178440    0    0     0    13  567   97  1  0 99  0  0
0  0   1292  88984  44960 1178576    0    0     0    25  557  100  1  0 99  0  0
0  0   1292  88732  44972 1178580    0    0     0    29  533   98  1  0 98  0  0
0  0   1292  88732  44980 1178580    0    0     0    44  485   98  1  0 99  0  0
0  0   1292  88732  44996 1178712    0    0     0     5  500   97  1  0 98  0  0
0  0   1292  88732  45004 1178712    0    0     0    26  543  115  2  0 98  0  0
0  0   1292  88732  45008 1178712    0    0     0    24  588  107  1  0 98  0  0
0  0   1292  88732  45020 1178708    0    0     0    50  578   99  1  0 99  0  0
0  0   1292  88480  45048 1178716    0    0     0    26  583   99  1  0 99  0  0
0  0   1292  88480  45052 1178720    0    0     0    23  573   99  1  0 98  0  0
0  0   1292  88480  45064 1178720    0    0     0    28  563   97  1  0 99  0  0
0  0   1292  88480  45068 1178720    0    0     0     4  505   97  1  0 99  0  0
0  0   1292 100324  44740 1163692    0    3    25    48  652 1230 17  2 79  3  0
0  0   1292 107380  44756 1161992    0    0     1    32  689 1006  8  1 91  0  0
1  0  32960 112460  32264 858456    0 2108 11595  2400 1284 5981 57  9 32  2  0
1  0  43784 155392  28712 823620   13  733  2047  3752  807 5578 67  5 24  4  0
1  0  58716  97560  25740 746044    0  985   258  2626  818 6057 63  8 27  2  0
procs -----------memoria---------- ---swap-- -----io---- -sistema-- ------cpu-----
r  b   swpd  libre búfer caché   si   so    bi    bo   in   cs us sy id wa st
5  0  86788 113852  20060 685376   13 1875  1191  2375  946 7014 76  8 15  0  0
0  0  86788 162052  20172 661456    2    0   234   297  670 3178 46  4 50  0  0
0  0  86788 202620  20248 663172    0    0   146   417  620  900  7  1 92  0  0
1  0  86788 177644  20288 663784    0    0    34   230  634 1986 18  3 79  0  0
0  0  86788 771552  20372 640076    1    0   139   163  595  703  6  1 93  0  0
0  0  86788 771300  20388 640276    0    0     5    23  569  173  2  0 98  0  0
0  0  86788 771300  20404 640336    0    0     3    35  551  105  1  0 98  0  0
0  0  86788 771048  20420 640392    0    0     4    38  562   95  1  0 99  0  0
1  0  86788 704992  22552 667108   11    0  1617    18  691 1211 17  4 79  0  0
1  0  86788 702472  22960 670240    9    0   253    30 1960 2062 14  3 82  0  0
0  0  86788 705040  23144 668628    0    0    31    57 1272 1198 10  2 88  0  0
0  0  86788 359872  24432 718452    1    0  3142   172  747 3662 37  6 45 12  0
0  0  86788 405492  24456 720636    0    0     0    80  599  451  3  0 96  0  0
1  0  86788 134464  24920 742124    1    0   140   472 1060 9089 64  8 28  0  0
4  0 154244 105888  21536 657184    1 4499   303  6108 1175 8498 69 10 21  0  0
1  0 215020 178296  21216 581776    9 4048   957  5110 1023 5321 62  8 30  0  0
0  0 215020 194040  21800 581628    3    0    98    38  687 3360 33  5 62  0  0
0  0 215020 200844  21872 581068    0    0    15   268  639 1653  9  3 88  0  0
2  0 215020 170836  21920 592144    0    0     8    80 1237 8732 38  8 54  0  0
0  0 215020 181444  21936 588836    1    0     3   200  635 2250 14  3 83  0  0
0  0 215020 186200  21960 588876    0    0     0   765  653 2944 16  4 80  0  0
procs -----------memoria---------- ---swap-- -----io---- -sistema-- ------cpu-----
r  b   swpd  libre búfer caché   si   so    bi    bo   in   cs us sy id wa st
4  0 215020 150472  22012 590580    0    0   131    71  663 3237 32  4 64  0  0
0  0 215020 160780  22036 590308    0    0     0    57  703 3716 23  4 72  0  0
0  0 215020 149188  22060 589416    0    0     1    83  668 3374 24  4 72  0  0
0  0 215020 142888  22076 591080    0    0   106    43  666 3500 23  5 73  0  0
0  0 215020 141628  22100 591888    0    0     1    86  687 4024 29  5 66  0  0
0  0 215020 130052  22124 592060    0    0     3    29  679 3766 26  4 69  0  0
0  0 215020 130776  22140 592104    0    0     0    66  669 2781 19  3 78  0  0
0  0 215020 123216  22156 592164    0    0     1    57  640 1095  9  1 90  0  0
0  0 215020 119152  22220 592536    2    0    82    63  621 1003  6  1 93  0  0
0  0 215020 115340  22244 592556    1    0     1   102  664 2038 15  2 83  0  0
0  0 228660  88512  21484 570056    0  919     8   983  672 4474 39  5 56  0  0
1  0 228660 124016  21516 570196    0    0    62   151  653 2818 17  3 80  0  0
0  0 228660 115692  21540 570204    0    0     1    79  710 4164 31  5 64  0  0
0  0 228660 116696  21564 569404    0    0     0    37  676 3408 26  3 71  0  0
0  0 228660 138512  21580 570296    1    0     1    62  652 2674 18  3 79  0  0
5  0 315180  66824  15524 487500    5 5763   569  6079  686 4869 46  7 47  0  0
3  0 343264 148272   9520 429932  117 1971  1790  2222  818 4546 49  6 43  2  0
1  0 343264 146160   9540 431068    2    0    19    11  647 3063 24  3 73  0  0
2  0 343264 148616   9568 433748    0    0    10   178  676 3351 23  3 74  0  0
0  0 343264 131088   9584 436568    0    0    26    18  695 4411 31  5 65  0  0
0  0 343264 168604   9600 436712    3    0     9    86  670 3014 19  3 78  0  0
procs -----------memoria---------- ---swap-- -----io---- -sistema-- ------cpu-----
r  b   swpd  libre búfer caché   si   so    bi    bo   in   cs us sy id wa st
4  0 343264 155752   9624 436236    1    0    10    38  609 1278  8  1 91  0  0
0  0 343264 156256   9648 437076    2    0    55    60  595  312  1  0 98  0  0
1  0 343264 143688   9672 437632    0    0     4    58  635 2517 17  2 81  0  0
1  0 343264 128788   9704 437848    0    0    13    47  714 4532 30  4 65  0  0
0  0 343264 106076   9728 437620    1    0    14    64  731 3946 29  3 68  0  0
0  0 343264  94988   9752 438200    0    0    29    44  674 3377 24  3 73  0  0
2  0 343264  84876   9772 437628    0    0    13    38  711 4478 31  3 66  0  0
2  0 343264  79332   9796 438576    3    0    14    93  715 4513 26  3 71  0  0
3  0 346336  84472   8788 396652    1  214    15   229  710 4369 31  3 66  0  0
0  0 346080 102996   8948 401060    7    0    98    95  649 1378 14  1 85  0  0
1  0 346080 109184   8988 400536    0    0    18   158  602  644  5  0 95  0  0
0  0 346080 110160   9144 400872    1    0    30    81  611  442  3  1 96  0  0
0  0 345824 105876   9172 398696   34    0    56    65  683 1605 14  1 84  0  0
0  0 345568 106380   9196 398840   12    0    12    26  624  349  2  0 98  0  0
0  0 345568  97744   9212 398100    0    0     1    44  597  502  5  0 94  0  0
0  0 345568 194368   9236 398448    2    0    26    86  592  450  4  1 95  0  0
0  0 345568 202420   9252 395188    0    0     4    50  597  351  2  0 98  0  0
0  0 345568 196352   9276 395252    0    0     4    16  576  475  4  0 96  0  0
0  0 345568 197864   9300 396076    0    0     2    65  602  331  1  0 98  0  0
0  0 345568 190052   9324 395392    0    0     9    49  604  596  5  1 95  0  0
0  0 345568 189232   9340 395468    0    0     1    50  590  436  3  0 97  0  0
procs -----------memoria---------- ---swap-- -----io---- -sistema-- ------cpu-----
r  b   swpd  libre búfer caché   si   so    bi    bo   in   cs us sy id wa st
4  0 345568 193768   9372 396332    0    0     3    36  588  322  1  0 98  0  0
0  0 345568 194492   9388 396500    0    0     1    55  587  339  2  0 98  0  0
0  0 345568 193736   9412 396552    1    0     4    44  583  386  1  0 98  0  0
2  1 345568 113588  10532 457756    0    0  3809  1271 1297 2094  8  3 88  2  0
0  0 351456 220776   8444 369196    0  388  6024  7320 1392 2097 12  6 73  9  0
0  0 351456 219516   8480 371120    0    0    92    11  574  368  2  0 98  0  0
1  0 351456 218256   8532 371584    0    0    34    43  567  316  1  0 98  0  0
0  0 351456 214508   8560 371516    0    0    48    80  570  378  3  0 97  0  0
0  0 351456 210476   8576 373900    0    0   105    41  591  406  2  0 97  0  0
0  0 351456 206508   8592 374064    0    0     8    51  534  425  4  1 96  0  0
0  0 351456 202444   8616 373320    1    0     4    35  555  468  3  0 96  0  0
1  0 351456 187040   8632 374256    0    0     4    36  564  708  6  1 93  0  0
0  0 351456 296152   8664 375064    0    0    47    57  551  390  4  1 95  0  0
0  0 351456 292876   9088 378600    0    0   255    42  631  377  2  0 98  0  0
0  0 351456 290104   9112 378708    0    0     8    44  690  332  2  0 98  0  0
0  0 351200 286072   9144 379924   26    0   108    64  779 1082 10  3 87  0  0
0  0 351200 287552   9160 379948    0    0     2    56  653  349  2  0 97  0  0
0  0 351200 289064   9176 380092    0    0     1    11  652  330  1  0 98  0  0
0  0 351200 288560   9200 380088    0    0     1    76  624  275  1  0 98  0  0
0  0 351200 288560   9216 380108    0    0     1    31  596  293  1  0 98  0  0
0  0 351200 287300   9248 380144    0    0     3    77  578  275  1  0 98  0  0
procs -----------memoria---------- ---swap-- -----io---- -sistema-- ------cpu-----
r  b   swpd  libre búfer caché   si   so    bi    bo   in   cs us sy id wa st
4  0 351200 282260   9264 379488    0    0     8    16  600  399  4  0 95  0  0
0  0 351200 267612   9288 380660    0    0    26    27  609  421  4  0 95  0  0
0  0 351200 264524   9304 380744    0    0     2    79  625  358  2  0 97  0  0
0  0 351200 267800   9320 381240    0    0    30    20  639  298  1  0 98  0  0
0  0 351200 267800   9336 380492    0    0     1    55  602  378  3  0 96  0  0
1  0 351200 266256   9360 381328    2    0     3    43 1826 1357  2  0 98  0  0
0  0 349152 256160   9676 387740  135    0   575    23 2383 1661  2  0 98  0  0
0  0 349152 232400   9852 390500    5    0   145    99 2250 1804  4  1 95  0  0
0  0 349152 224596   9908 388900    0    0     1   177  621  383  4  0 96  0  0
0  0 349152 274808   9924 389748    0    0     2    18  593  372  2  0 97  0  0
0  0 349152 278052   9940 389756    0    0     1    94  598  336  2  0 98  0  0
0  0 349152 273012   9964 388968    0    0     1    12  584  384  3  0 97  0  0
0  0 349152 273516   9988 389788    0    0     1    97  590  328  2  0 98  0  0
0  0 349152 273264  10004 389820    0    0     1    23  597  360  2  0 93  5  0
0  0 349152 263372  10028 389952    0    0     5   108  612  393  3  0 97  0  0
0  0 349152 266648  10036 389952    0    0     1     4  601  252  1  0 99  0  0
0  0 349152 267656  10044 390084    0    0     9     5  608  286  1  0 98  0  0
0  0 349152 267120  10068 390200    1    0     7    61  615  352  2  0 98  0  0
0  0 349152 267372  10084 390208    0    0     1     6  598  233  1  0 99  0  0
0  0 349152 267372  10236 390212    0    0    10    86  585  307  1  0 98  0  0
0  0 349152 266868  10244 390240    1    0     1    26  594  307  1  0 98  0  0
procs -----------memoria---------- ---swap-- -----io---- -sistema-- ------cpu-----
r  b   swpd  libre búfer caché   si   so    bi    bo   in   cs us sy id wa st
4  0 349152 266364  10260 390248    0    0     1    50  586  304  1  0 99  0  0
0  0 349152 266868  10276 390288    0    0     1    41  614  293  1  0 98  0  0
0  0 349152 266364  10292 390316    0    0     2    73  584  245  1  0 98  0  0
1  0 349152 266616  10316 390320    0    0     1    38  595  275  1  0 98  0  0
0  0 349152 266616  10324 390320    0    0     1    11  585  273  1  0 98  0  0
0  0 349152 266364  10332 390348    0    0     1    93  603  268  1  0 98  0  0
0  0 349152 264348  10348 390356    0    0     1     9  655  391  2  0 98  0  0
0  0 349152 264568  10372 390380    0    0     1    13  618  289  1  0 98  0  0
0  0 349152 264316  10388 390396    0    0     2    98  591  263  2  0 98  0  0
0  0 349152 263592  10412 390456    0    0     1    16  619  352  2  0 98  0  0
0  0 349152 263088  10420 390456    0    0     1     6  597  265  1  0 99  0  0
0  0 349152 249228  10512 404608    0    0   951   908  565  376 22  1 76  1  0
0  0 349152 249732  10520 404616    1    0     1    15  630  284  1  0 98  0  0
0  0 349152 249732  10548 404628    0    0     1   224  622  278  1  0 98  0  0
0  0 349152 249228  10564 404632    0    0     1    35  607  319  2  0 98  0  0
0  0 349152 248692  10588 404668    0    0     1    10  613  308  1  0 98  0  0
0  0 349152 248692  10596 404672    0    0     1    81  662  283  1  0 98  0  0
0  0 349152 248692  10612 404836    0    0     1    29  635  287  1  0 98  0  0
5  0 349152 232808  10644 404032    0    0     1    77  623  450  5  0 95  0  0
0  0 349152 238832  10660 404040    0    0     1    28  604  393  3  0 97  0  0
0  0 348128 235768  10816 404604   62    0   107    20  679 1083 11  1 88  0  0
procs -----------memoria---------- ---swap-- -----io---- -sistema-- ------cpu-----
r  b   swpd  libre búfer caché   si   so    bi    bo   in   cs us sy id wa st
5  0 347872 236784  10840 405388   10    0    10    87  620  313  1  0 98  0  0
0  0 347872 236280  10856 404780    2    0     6    23  614  388  3  0 96  0  0
0  0 347872 236028  10872 405600    0    0     1    57  635  302  1  0 99  0  0
0  0 347872 235272  10896 405600    4    0     5    45  595  311  1  0 97  1  0
0  0 347872 235776  10912 405636    0    0     1    16  608  300  1  0 98  0  0
0  0 347872 218336  10944 405696    0    0     3   104 1218 1044  5  1 94  0  0
0  0 347872 219836  10968 404900    0    0     1   117 1633 1128  2  0 97  0  0
0  0 347872 213284  11008 404968    0    0     3    78  670  402  4  0 96  0  0
0  0 347872 224120  11040 405024    0    0     2    61  642  365  2  0 97  0  0
0  0 347872 217032  11056 405144    0    0     5    14  628  484  4  0 96  0  0
0  0 347872 220560  11080 405156    0    0     1   102  601  409  3  0 97  0  0
0  0 347872 221568  11104 405980    0    0     2    32  609  309  1  0 98  0  0
0  0 347872 221064  11120 406012    0    0     2    70  620  294  1  0 98  0  0
0  0 347872 221284  11128 406020    0    0     1    24  587  271  1  0 99  0  0
0  0 347872 220780  11136 406024    0    0     1    18  593  249  1  0 99  0  0
0  0 347872 224308  11152 406024    0    0     1    37  599  327  2  0 98  0  0
0  0 347872 223804  11160 406052    0    0     1    19  603  282  2  0 98  0  0
0  0 347872 223552  11192 406052    0    0     1    66  595  295  1  0 98  0  0
0  0 347872 221252  11208 406080    0    0     1    35  585  401  2  0 97  0  0
0  0 347872 219992  11232 406092    0    0     1    34  606  373  3  0 97  0  0
0  0 347872 259284  11248 406112    0    0     1    90  585  415  4  0 96  0  0
procs -----------memoria---------- ---swap-- -----io---- -sistema-- ------cpu-----
r  b   swpd  libre búfer caché   si   so    bi    bo   in   cs us sy id wa st
4  0 347872 252500  11264 406304    0    0     1    25  582  383  2  0 97  0  0
0  0 347872 255776  11280 406304    0    0     1    55  605  268  1  0 99  0  0
0  0 347872 252468  11296 406308    0    0     1    64  587  523  3  0 96  0  0
0  0 347872 259776  11312 406308    0    0     1     7  570  302  2  0 98  0  0
0  0 347872 255964  11336 406832   14    0    48    91 1207  882  2  0 97  0  0
0  0 347616 255444  11352 406840    2    0     3    25 2384 1704  2  0 98  0  0
0  0 347616 247404  11388 406880    1    0     3    42  610  469  3  0 97  0  0
0  0 347616 247656  11404 406880    0    0     1    66  592  306  2  0 98  0  0
0  0 347616 247656  11428 406908    0    0     1    48  589  383  2  0 98  0  0
0  0 347616 246900  11436 406920    0    0     1    40  591  302  1  0 98  0  0
0  0 347616 245892  11468 406920    0    0     1    75  612  336  1  0 98  0  0
0  0 347616 244600  11492 406920    0    0     1    20  622  360  2  0 98  0  0
0  0 347616 239308  11508 406984    0    0     1    81  628  367  2  0 97  0  0
0  0 347616 241304  11532 407008    0    0     1    21  619  332  2  0 98  0  0
0  0 347616 242112  11548 407032    0    0     1    56  627  368  2  0 97  0  0
0  0 347616 238868  11572 407060    0    0     1    56  635  477  2  0 97  0  0
0  0 347616 240128  11600 407060    1    0     1    27  616  348  2  0 98  0  0
0  0 347616 239152  11616 407064    0    0     1    92  617  364  2  0 98  0  0
0  0 347616 239404  11632 407068    1    0     2    16  624  340  2  0 98  0  0
1  0 347616 240412  11648 407224    0    0     1    41  627  302  2  0 98  0  0
0  0 347616 240128  11656 407236    0    0     1    63  628  268  1  0 98  0  0
procs -----------memoria---------- ---swap-- -----io---- -sistema-- ------cpu-----
r  b   swpd  libre búfer caché   si   so    bi    bo   in   cs us sy id wa st
4  0 347616 239876  11680 407252    0    0     1    45  619  301  1  0 98  0  0
0  0 347616 239876  11696 407264    2    0     3     7  617  257  1  0 98  0  0
0  0 347616 238616  11712 407288    0    0     1    58  609  274  1  0 98  0  0
0  0 347616 216376  11736 408156    0    0     1    47  628  562  4  1 95  0  0
0  0 347616 222928  11784 407348    0    0     1   135  640  365  2  0 98  0  0
0  0 347616 225668  11800 407348    0    0     1    77  633  344  2  0 98  0  0
0  0 347616 225164  11824 407368    0    0     1    43  623  328  2  0 98  0  0
0  0 347616 224408  11840 407380    0    0     1   102  632  362  2  0 98  0  0
0  0 347616 223368  11856 407388    0    0     1     7  627  419  2  0 97  0  0
0  0 347616 223148  11872 407404    1    0     2    48  620  339  2  0 98  0  0
0  0 347616 223432  11888 407432    0    0     1    62  610  277  1  0 98  0  0
0  0 347616 223968  11904 407448    0    0     1     9  610  344  2  0 98  0  0
0  0 347616 223212  11920 407448    0    0     1   103  612  287  2  0 98  0  0
0  0 347616 223432  11936 407452    0    0     1     6  621  323  2  0 98  0  0
0  0 347616 223936  11952 407476    0    0     1   100  625  298  1  0 98  0  0
0  0 347616 215556  11984 407532    0    0     1    19  609  340  2  0 97  0  0
0  0 347616 215808  12000 407548    0    0     1    52  630  432  2  0 97  0  0
0  0 347616 217320  12016 407564    0    0     1    24  626  447  2  0 98  0  0
0  0 347616 218580  12036 407588    0    0     1    50  600  262  1  0 98  0  0
0  0 347616 218832  12052 407588    1    0     2    55  620  259  1  0 98  0  0
0  0 347616 217824  12060 407588    0    0     1    17  609  283  2  0 98  0  0
procs -----------memoria---------- ---swap-- -----io---- -sistema-- ------cpu-----
r  b   swpd  libre búfer caché   si   so    bi    bo   in   cs us sy id wa st
4  0 347616 217320  12076 407592    0    0     2    12  620  410  2  0 98  0  0
1  0 347616 217068  12092 407724    0    0     1    85  622  330  2  0 98  0  0
0  0 347616 210800  12116 407752    0    0     1    25  629  539  3  0 97  0  0
0  0 347616 214328  12132 407768    0    0     1    44  629  366  2  0 98  0  0
0  0 347616 213288  12148 407784    0    0     2    59  627  429  2  0 98  0  0
0  0 347616 213288  12172 407792    0    0     1    26  605  263  1  0 99  0  0
0  0 347616 244000  12188 407852    0    0     1    81  608  431  3  0 96  0  0
0  0 347616 242488  12204 407876    1    0     2    27  625  663  6  1 93  0  0
0  0 347616 246552  12220 407876    2    0     3    52  615  334  2  0 98  0  0
0  0 347616 246300  12244 407876    0    0     1    57  607  309  2  0 98  0  0
0  0 347616 246048  12260 407908    0    0     1    45  641  406  2  0 97  0  0
0  0 347616 246552  12276 407920    0    0     1    57  631  341  2  0 97  1  0
0  0 347616 244252  12292 407932    1    0     2    22  640  397  2  0 98  0  0
0  0 347616 244788  12316 407932    0    0     1    49  639  368  2  0 98  0  0
0  0 347616 245040  12340 407968    0    0     1    66  631  307  1  0 98  0  0
0  0 347616 245292  12356 407960    1    0     2    13  625  319  1  0 99  0  0
0  0 347616 243748  12372 407972    0    0     1    48  632  363  2  0 98  0  0
0  0 347616 244756  12388 407972    0    0     1    53  634  291  2  0 98  0  0
0  0 347616 235652  12404 408028    0    0     1    45  640  379  3  0 97  0  0
0  0 347616 233636  12436 407268    0    0     1    22  614  342  4  0 96  0  0
0  0 347616 225036  12452 406488    0    0     1   109  632  498  7  0 93  0  0
procs -----------memoria---------- ---swap-- -----io---- -sistema-- ------cpu-----
r  b   swpd  libre búfer caché   si   so    bi    bo   in   cs us sy id wa st
4  0 347616 225288  12468 407292    0    0     1    97  621  336  2  0 97  0  0
1  0 347616 101740  12552 431984    0    0  1023   525  775 3837 19  3 75  2  0
0  0 347616 137224  12740 425724    0    0     2  2173  752 4988 11  3 85  0  0
0  0 347616 143808  12756 425736    0    0     1   187  626  388  2  0 97  0  0
0  0 347616 145100  12780 425740    0    0     2   495  633  347  2  0 97  1  0
0  0 347616 145620  12796 425764    0    0     1    71  613  338  2  0 98  0  0
2  0 347616 206604  12828 425728    0    0     1    73  616  540  3  0 96  0  0
0  0 347616 226008  12844 425696    0    0     2    49  609  415  3  0 97  0  0
0  0 347616 237632  12868 425700    0    0     1    57  602  287  1  0 98  0  0































































































































































































































































































































































































































































































































































































































































































































































