-system--
buff
4404
4420
4424
4424
4424
4424
4424
4424
4424
4424
4424
4424
4424
4424
4424
4424
4424
4424
4424
4424
4424
-system--
buff
4424
4424
4424
4424
4424
4424
4424
4424
4424
4424
4424
4424
4424
4424
4424
4424
4424
4424
4424
4424
4424
-system--
buff
4424
4424
4424
4424
4424
4424
4424
4424
4424
4424
4424
4424
4424
4424
4424
4424
4424
4424
4424
4424
4424
-system--
buff
4424
4424
4424
4424
4424
4424
4424
4424
4424
4424
4424
4424
4424
4424
4424
4424
4424
4424
4424
4424
4424
-system--
buff
4424
4424
4424
4424
4424
4424
4424
4424
4424
4424
4424
4424
4424
4424
4424
4424
4424
4424
4424
4424
4424
-system--
buff
4424
4424
4424
4424
4424
4424
4424
4424
4424
4424
4424
4424
4424
4424
4424
4424
4424
4424
4424
4424
4424
-system--
buff
4424
4424
4424
4424
4424
4424
4424
4424
4424
4424
4424
4424
4424
4424
4424
4424
4424
4424
4424
4424
4424
-system--
buff
4424
4424
4424
4424
4424
4424
4424
4424
4424
4424
4424
4424
4424
4424
4424
4424
4424
4424
4424
4424
4424
-system--
buff
4424
4424
4424
4424
4424
4424
4424
4424
4424
4424
4424
4424
4424
4424
4424
4424
4424
4424
4424
4424
4424
-system--
buff
4424
4424
4424
4424
4424
4424
4424
4424
4424
4424
4424
4424
4424
4424
4424
4424
4424
4424
4424
4424
4424
-system--
buff
4424
4424
4424
4424
4424
4424
4424
4424
4424
4424
4424
4424
4424
4424
4424
4424
4424
4424
4424
4424
4424
-system--
buff
4424
4424
4424
4424
4424
4424
4424
4424
4424
