-----io----
free
12825676
12825676
12825676
12825676
12825676
12825676
12825676
12825676
12825676
12825676
12825676
12825676
12825676
12825676
12825676
12825676
12825676
12825676
12825676
12825676
12825676
-----io----
free
12825676
12825676
12825676
12825676
12825676
12825676
12825676
12825676
12825676
12825676
12825676
12825676
12825676
12825676
12825676
12825676
12825676
12825676
12825676
12825676
12825676
-----io----
free
12825676
12825676
12825676
12825676
12825676
12825676
12825676
12825676
12825676
12825676
12825676
12825676
12825676
12825676
12825676
12825676
12825676
12825676
12825676
12825676
12825676
-----io----
free
12825676
12825676
12825676
12825676
12825676
12825676
12825548
12825548
12825548
12825548
12825548
12825548
12825548
12825548
12825548
12825548
12825548
12825548
12825548
12825548
12825548
-----io----
free
12825548
12825548
12825548
12825548
12825548
12825548
12825548
12825548
12825548
12825548
12825548
12825548
12825548
12825548
12825548
12825548
12825548
12825548
12825548
12825548
12825548
-----io----
free
12825548
12825548
12825548
12825548
12825548
12825548
12825548
12825548
12825548
12825548
12825548
12825548
12825548
12825548
12825548
12825548
12825548
12825548
12825548
12825548
12825548
-----io----
free
12825548
12825548
12825548
12825548
12825548
12825548
12825548
12825548
12825548
12825548
12825548
12825548
12825548
12825548
12825548
12825548
12825548
12825548
12825548
12825548
12825548
-----io----
free
12825548
12825548
12825548
12825548
12825548
12825548
12825548
12825548
12825548
12825548
12825548
12825548
12825548
12825548
12825548
12825548
12825548
12825548
12825548
12825548
12825548
-----io----
free
12825548
12825548
12825548
12825548
12825548
12825548
12825548
12825548
12825548
12825420
12825420
12825420
12825420
12825420
12825420
12825420
12825420
12825420
12825420
12825420
12825420
-----io----
free
12825420
12825420
12825420
12825420
12825420
12825420
12825420
12825420
12825420
12825420
12825420
12825420
12825420
12825420
12825420
12825420
12825420
12825420
12825420
12825420
12825420
-----io----
free
12825420
12825420
12825420
12825420
12825420
12825420
12825420
12825420
12825420
12825420
12825420
12825420
12825420
12825420
12825420
12825420
12825420
12825420
12825420
12825420
12825420
-----io----
free
12825420
12825420
12825420
12825420
12825420
12825420
12825420
12825420
12825420
