-----io----
libre
81872
90496
88984
88984
88984
88984
88732
88732
88732
88732
88732
88732
88480
88480
88480
88480
100324
107380
112460
155392
97560
-----io----
libre
113852
162052
202620
177644
771552
771300
771300
771048
704992
702472
705040
359872
405492
134464
105888
178296
194040
200844
170836
181444
186200
-----io----
libre
150472
160780
149188
142888
141628
130052
130776
123216
119152
115340
88512
124016
115692
116696
138512
66824
148272
146160
148616
131088
168604
-----io----
libre
155752
156256
143688
128788
106076
94988
84876
79332
84472
102996
109184
110160
105876
106380
97744
194368
202420
196352
197864
190052
189232
-----io----
libre
193768
194492
193736
113588
220776
219516
218256
214508
210476
206508
202444
187040
296152
292876
290104
286072
287552
289064
288560
288560
287300
-----io----
libre
282260
267612
264524
267800
267800
266256
256160
232400
224596
274808
278052
273012
273516
273264
263372
266648
267656
267120
267372
267372
266868
-----io----
libre
266364
266868
266364
266616
266616
266364
264348
264568
264316
263592
263088
249228
249732
249732
249228
248692
248692
248692
232808
238832
235768
-----io----
libre
236784
236280
236028
235272
235776
218336
219836
213284
224120
217032
220560
221568
221064
221284
220780
224308
223804
223552
221252
219992
259284
-----io----
libre
252500
255776
252468
259776
255964
255444
247404
247656
247656
246900
245892
244600
239308
241304
242112
238868
240128
239152
239404
240412
240128
-----io----
libre
239876
239876
238616
216376
222928
225668
225164
224408
223368
223148
223432
223968
223212
223432
223936
215556
215808
217320
218580
218832
217824
-----io----
libre
217320
217068
210800
214328
213288
213288
244000
242488
246552
246300
246048
246552
244252
244788
245040
245292
243748
244756
235652
233636
225036
-----io----
libre
225288
101740
137224
143808
145100
145620
206604
226008
237632































































































































































































































































































































































































































































































































































































































































































































































