procs -----------memoria---------- ---swap-- -----io---- -sistema-- ------cpu-----
 r  b   swpd  libre búfer caché   si   so    bi    bo   in   cs us sy id wa st
 0  0      0 548176  66392 811756    0    0   592    53  247  601  1  1 97  1  0
 0  0      0 547680  66400 811852    0    0     0     2  498  939  0  1 99  0  0
 0  0      0 547428  66408 811852    0    0     0     1   74  109  0  0 100  0  0
 0  0      0 547428  66416 811852    0    0     0     2   72  104  0  0 100  0  0
 0  0      0 547428  66416 811852    0    0     0     0   79  127  0  0 100  0  0
 0  0      0 547428  66416 811852    0    0     0     0   71  104  0  0 100  0  0
 0  0      0 547428  66416 811852    0    0     0     0   73  106  0  0 100  0  0
 0  0      0 547428  66416 811852    0    0     0     0   69  112  0  0 100  0  0
 0  0      0 525472  66416 811852    0    0     0     0   89  179  0  0 100  0  0
 0  0      0 525496  66440 811828    0    0     0     8   80  118  0  0 100  0  0
 0  0      0 525496  66444 811828    0    0     0     2   68  111  0  0 100  0  0
 0  0      0 525496  66444 811828    0    0     0     0   71  106  0  0 100  0  0
 0  0      0 525496  66444 811828    0    0     0     0   72  108  0  0 100  0  0
 0  0      0 525496  66444 811828    0    0     0     0   70  107  0  0 100  0  0
 0  0      0 525244  66444 811828    0    0     0     0   71  110  0  0 100  0  0
 0  0      0 525496  66444 811828    0    0     0     0   69  105  0  0 100  0  0
 0  0      0 525496  66444 811828    0    0     0     0   69  112  0  0 100  0  0
 0  0      0 525244  66444 811828    0    0     0     0  233  430  0  0 100  0  0
 0  0      0 525244  66444 811828    0    0     0     0   83  138  0  0 100  0  0
 0  0      0 525180  66460 811820    0    0     0     3   80  112  0  0 100  0  0
 0  0      0 525180  66460 811828    0    0     0     1   73  108  0  0 100  0  0
procs -----------memoria---------- ---swap-- -----io---- -sistema-- ------cpu-----
 r  b   swpd  libre búfer caché   si   so    bi    bo   in   cs us sy id wa st
 3  0      0 525180  66460 811828    0    0     0     0   66  109  0  0 100  0  0
 0  0      0 525180  66460 811828    0    0     0     0   73  109  0  0 100  0  0
 0  0      0 525180  66460 811828    0    0     0     0   70  108  0  0 100  0  0
 0  0      0 524964  66472 811868    0    0     0     1   78  113  0  0 100  0  0
 0  0      0 524728  66480 811868    0    0     0     8   71  109  0  0 100  0  0
 0  0      0 524980  66488 811868    0    0     0     0   76  105  0  0 100  0  0
 2  0      0 524980  66488 811868    0    0     0     0   70  109  0  0 100  0  0
 0  0      0 524980  66488 811868    0    0     0     0   72  107  0  0 100  0  0
 0  0      0 524980  66504 811868    0    0     0     3   67  114  0  0 100  0  0
 0  0      0 524728  66504 811868    0    0     0     1  128  162  0  0 100  0  0
 0  0      0 524720  66516 811884    0    0     1     1  258  295  0  1 99  0  0
 0  0      0 524768  66516 811864    0    0     0     0   71  109  0  0 100  0  0
 0  0      0 524768  66516 811864    0    0     0     0   64  109  0  0 100  0  0
 0  0      0 419044  67464 828332    0    0   557    31  717 1442  1  2 97  0  0
 0  0      0 419968  67508 828508    0    0     3    32  867 1328  0  2 97  0  0
 1  0    524 432284  64760 863832    1    3  4344   819 1267 2775  4 12 77  6  0
 0  0    524 431900  64780 864396    0    0     2   107  206  336  0  0 99  0  0
 0  0    524 436476  64796 864396    0    0     0    36  362  620  0  0 99  0  0
 1  0    524 433988  64824 864444    0    0     1     7 1411 2663  1  4 94  0  0
 0  0    524 310400  65224 876952    0    0   410    29 1286 2568  2  5 94  0  0
 0  0    524 375396  65256 876644    0    0     0    28  449  772  0  1 99  0  0
procs -----------memoria---------- ---swap-- -----io---- -sistema-- ------cpu-----
 r  b   swpd  libre búfer caché   si   so    bi    bo   in   cs us sy id wa st
 2  0    524 385484  65260 876628    0    0     0     3   78  123  0  0 100  0  0
 0  0    524 385452  65268 876628    0    0     0     1  137  240  0  0 100  0  0
 0  0    524 385452  65284 876628    0    0     0     4   80  130  0  0 100  0  0
 0  0    524 385452  65284 876628    0    0     0     1   72  114  0  0 100  0  0
 0  0    524 385704  65284 876628    0    0     0     0   73  116  0  0 100  0  0
 0  0    524 385452  65284 876628    0    0     0     0   72  116  0  0 100  0  0
 0  0    524 385452  65284 876628    0    0     0     0   94  169  0  0 100  0  0
 0  0    524 385452  65300 876628    0    0     0     3  251  461  0  0 100  0  0
 0  0    524 385452  65300 876628    0    0     0     1  162  298  0  0 100  0  0
 0  0    524 385444  65300 876628    0    0     0     0  105  183  0  0 100  0  0
 0  0    524 385420  65300 876628    0    0     0     0   83  143  0  0 100  0  0
 0  0    524 385484  65300 876640    0    0     0     0  263  512  0  0 100  0  0
 0  0    524 385476  65300 876640    0    0     0     0  279  502  0  1 99  0  0
 0  0    524 385476  65300 876640    0    0     0     0   68  113  0  0 100  0  0
 0  0    524 385460  65300 876640    0    0     0     0  182  336  0  0 100  0  0
 0  0    524 385436  65300 876640    0    0     0     0   87  138  0  0 100  0  0
 0  0    524 385436  65300 876640    0    0     0     0   95  154  0  0 100  0  0
 0  0    524 385436  65316 876640    0    0     0     3  142  246  0  0 100  0  0
 0  0    524 385428  65316 876640    0    0     0     1  104  171  0  0 100  0  0
 0  0    524 385428  65316 876640    0    0     0     0   72  110  0  0 100  0  0
 0  0    524 385428  65316 876640    0    0     0     0   70  114  0  0 100  0  0
procs -----------memoria---------- ---swap-- -----io---- -sistema-- ------cpu-----
 r  b   swpd  libre búfer caché   si   so    bi    bo   in   cs us sy id wa st
 3  0    524 385428  65332 876640    0    0     0     2   72  116  0  0 100  0  0
 0  0    524 385452  65332 876640    0    0     0     1  278  521  0  0 100  0  0
 0  0    524 385192  65332 876640    0    0     0     0   76  119  0  0 100  0  0
 0  0    524 385192  65332 876640    0    0     0     0   70  115  0  0 100  0  0
 0  0    524 385192  65332 876640    0    0     0     0   72  117  0  0 100  0  0
 0  0    524 385192  65332 876640    0    0     0     0   72  117  0  0 100  0  0
 0  0    524 385192  65348 876632    0    0     0     3   71  120  0  0 100  0  0
 0  0    524 385192  65348 876640    0    0     0     1   75  113  0  0 100  0  0
 0  0    524 385192  65348 876640    0    0     0     0   79  108  0  0 100  0  0
 0  0    524 385192  65348 876640    0    0     0     0   76  119  0  0 100  0  0
 0  0    524 385444  65348 876640    0    0     0     0   72  125  0  0 100  0  0
 0  0    524 385444  65348 876640    0    0     0     0   76  114  0  0 100  0  0
 0  0    524 385192  65348 876640    0    0     0     0   76  109  0  0 100  0  0
 0  0    524 385192  65348 876640    0    0     0     0   74  116  0  0 100  0  0
 0  0    524 385192  65348 876640    0    0     0     0   73  118  0  0 100  0  0
 0  0    524 385192  65348 876640    0    0     0     0   68  118  0  0 100  0  0
 0  0    524 385192  65364 876632    0    0     0     3   80  119  0  0 100  0  0
 0  0    524 385192  65364 876640    0    0     0     1   72  116  0  0 100  0  0
 0  0    524 385192  65364 876640    0    0     0     0   67  113  0  0 100  0  0
 0  0    524 385192  65364 876640    0    0     0     0   73  113  0  0 100  0  0
 0  0    524 385192  65364 876640    0    0     0     0   81  147  0  0 100  0  0
procs -----------memoria---------- ---swap-- -----io---- -sistema-- ------cpu-----
 r  b   swpd  libre búfer caché   si   so    bi    bo   in   cs us sy id wa st
 2  0    524 385444  65364 876640    0    0     0     0   75  117  0  0 100  0  0
 0  0    524 385444  65364 876640    0    0     0     0   70  111  0  0 100  0  0
 0  0    524 385444  65364 876640    0    0     0     0   68  116  0  0 100  0  0
 2  0    524 385444  65364 876640    0    0     0     0   72  114  0  0 100  0  0
 0  0    524 385192  65364 876640    0    0     0     0   82  127  0  0 100  0  0
 0  0    524 385192  65380 876640    0    0     0     3  217  423  0  0 100  0  0
 0  0    524 385192  65380 876640    0    0     0     1   95  146  0  0 100  0  0
 0  0    524 385444  65380 876640    0    0     0     0  107  187  0  0 100  0  0
 0  0    524 385444  65380 876640    0    0     0     0   70  117  0  0 100  0  0
 0  0    524 385444  65380 876640    0    0     0     0   72  114  0  0 100  0  0
 0  0    524 385444  65380 876640    0    0     0     0   73  117  0  0 100  0  0
 0  0    524 385444  65380 876640    0    0     0     0   70  113  0  0 100  0  0
 0  0    524 385444  65380 876640    0    0     0     0   70  120  0  0 100  0  0
 0  0    524 385192  65388 877192    0    0    18     0   74  118  0  0 100  0  0
 0  0    524 385192  65392 877192    0    0     0     0   75  115  0  0 100  0  0
 0  0    524 384688  65416 877348    0    0     0     4  203  285  0  0 100  0  0
 1  0    524 383640  65472 877572    0    0     3    53  121  196  0  0 100  0  0
 0  0    524 383356  65496 877612    0    0     0     9   82  115  0  0 100  0  0
 0  0    524 383608  65500 877612    0    0     0     0   78  122  0  0 100  0  0
 0  0    524 383608  65500 877612    0    0     0     0   82  113  0  0 100  0  0
 0  0    524 383860  65500 877612    0    0     0     0   72  121  0  0 100  0  0
procs -----------memoria---------- ---swap-- -----io---- -sistema-- ------cpu-----
 r  b   swpd  libre búfer caché   si   so    bi    bo   in   cs us sy id wa st
 2  0    524 383860  65500 877612    0    0     0     0   73  112  0  0 100  0  0
 0  0    524 383608  65500 877612    0    0     0     0   72  118  0  0 100  0  0
 0  0    524 383608  65500 877612    0    0     0     0   71  116  0  0 100  0  0
 0  0    524 383608  65508 877612    0    0     0     0   76  120  0  0 100  0  0
 0  0    524 383608  65532 877604    0    0     0     3  194  350  0  0 100  0  0
 0  0    524 383860  65532 877612    0    0     0     1   74  117  0  0 100  0  0
 0  0    524 383860  65532 877612    0    0     0     0   79  108  0  0 100  0  0
 0  0    524 383860  65532 877612    0    0     0     0   72  118  0  0 100  0  0
 0  0    524 383600  65532 877612    0    0     0     0  177  309  0  0 100  0  0
 0  0    524 383600  65532 877612    0    0     0     0   78  114  0  0 100  0  0
 0  0    524 383600  65532 877612    0    0     0     0   73  112  0  0 100  0  0
 0  0    524 383852  65532 877612    0    0     0     0   79  113  0  0 100  0  0
 0  0    524 383852  65532 877612    0    0     0     0   75  112  0  0 100  0  0
 0  0    524 383852  65532 877612    0    0     0     0   78  111  0  0 100  0  0
 0  0    524 313772  66188 927208    0    0  1650    15  142  219  0  0 99  0  0
 0  0    524 334444  66204 927204    0    0     0    23   81  124  0  0 100  0  0
 0  0    524 334256  66204 927204    0    0     0     0  108  167  0  0 100  0  0
 0  0    524 334256  66204 927204    0    0     0     0   76  116  0  0 100  0  0
 0  0    524 334256  66204 927204    0    0     0     0   71  114  0  0 100  0  0
 0  0    524 334256  66204 927204    0    0     0     0   71  118  0  0 100  0  0
 0  0    524 334232  66204 927204    0    0     0     0   87  156  0  0 100  0  0
procs -----------memoria---------- ---swap-- -----io---- -sistema-- ------cpu-----
 r  b   swpd  libre búfer caché   si   so    bi    bo   in   cs us sy id wa st
 2  0    524 334232  66204 927204    0    0     0     0   71  117  0  0 100  0  0
 2  1    524  88956  66688 955524    0    0    25    61  469 1225  1  7 91  0  0
 2  1   2048  78704  64240 835832    0   56   596  1148 1860 5971  3 10 84  3  0
 0  0   8192 185272  61404 737432    0  201   188   412 1279 4317  4 14 80  2  0
 0  0   8192 202516  61616 746004    0    0    66   267 1685 5059  4  7 89  0  0
 0  0   8192 181088  62056 780704    0    0     2   302 2189 5358  4  4 92  0  0
 0  0   8192 174392  62132 781000    0    0     0   130 2313 6275  6  6 89  0  0
 1  0   8192 560676  62236 708972    0    0    48    98  660 1589  1  2 97  0  0
 0  0   8192 560676  62244 708972    0    0     0    17  100  181  0  0 100  0  0
 0  0   8192 560676  62244 708972    0    0     0     0   66  115  0  0 100  0  0
 0  0   8192 560928  62244 708972    0    0     0     0   67  119  0  0 100  0  0
 0  0   8192 560928  62244 708972    0    0     0     0   65  116  0  0 100  0  0
 0  0   8192 560928  62244 708972    0    0     0     0   67  119  0  0 100  0  0
 0  0   8192 560928  62260 708972    0    0     0     2   68  121  0  0 100  0  0
 0  0   8192 560928  62268 708972    0    0     0     3  132  245  0  0 100  0  0
 0  0   8192 560928  62268 708972    0    0     0     0   65  116  0  0 100  0  0
 0  0   8192 560928  62268 708972    0    0     0     0   68  119  0  0 100  0  0
 0  0   8192 560928  62284 708972    0    0     0     2   67  119  0  0 100  0  0
 0  0   8192 561156  62292 709024    0    0     1     2   70  122  0  0 100  0  0
 0  0   8192 561156  62300 709024    0    0     0     6   65  115  0  0 100  0  0
 0  0   8192 561156  62308 709024    0    0     0     0   68  119  0  0 100  0  0
procs -----------memoria---------- ---swap-- -----io---- -sistema-- ------cpu-----
 r  b   swpd  libre búfer caché   si   so    bi    bo   in   cs us sy id wa st
 3  0   8192 561156  62308 709024    0    0     0     0   67  118  0  0 100  0  0
 0  0   8192 561408  62308 709024    0    0     0     0   69  121  0  0 100  0  0
 0  0   8192 561408  62316 709024    0    0     0     1   67  118  0  0 100  0  0
 0  0   8192 561408  62324 709024    0    0     0     3   69  121  0  0 100  0  0
 0  0   8192 561408  62324 709024    0    0     0     0   64  115  0  0 100  0  0
 0  0   8192 561156  62324 709064    0    0     0     0  177  350  0  0 100  0  0
 0  0   8192 561156  62324 709064    0    0     0     0   92  167  0  0 100  0  0
 0  0   8192 561156  62332 709064    0    0     0     1   68  121  0  0 100  0  0
 0  0   8192 561156  62332 709064    0    0     0     0   78  141  0  0 100  0  0
 0  0   8192 561156  62332 709064    0    0     0     0   67  120  0  0 100  0  0
 0  0   8192 561156  62332 709064    0    0     0     0   66  117  0  0 100  0  0
 0  0   8192 561156  62332 709064    0    0     0     0   67  118  0  0 100  0  0
 0  0   8192 561156  62340 709064    0    0     0     1   67  118  0  0 100  0  0
 0  0   8192 560904  62348 709064    0    0     0     2   72  126  0  0 100  0  0
 0  0   8192 560904  62348 709064    0    0     0     0   64  115  0  0 100  0  0
 0  0   8192 560904  62364 709064    0    0     0     3   68  120  0  0 100  0  0
 0  0   8192 560904  62364 709064    0    0     0     1   64  115  0  0 100  0  0
 0  0   8192 560904  62364 709064    0    0     0     0   71  133  0  0 100  0  0
 0  0   8192 560904  62364 709064    0    0     0     0   65  115  0  0 100  0  0
 0  0   8192 560904  62364 709064    0    0     0     0   68  120  0  0 100  0  0
 0  0   8192 560652  62364 709064    0    0     0     0   68  119  0  0 100  0  0
procs -----------memoria---------- ---swap-- -----io---- -sistema-- ------cpu-----
 r  b   swpd  libre búfer caché   si   so    bi    bo   in   cs us sy id wa st
 2  0   8192 560652  62364 709064    0    0     0     0   68  124  0  0 100  0  0
 0  0   8192 560652  62372 709064    0    0     0     2   67  122  0  0 100  0  0
 0  0   8192 560728  62388 709084    0    0     0     4   70  122  0  0 100  0  0
 1  0   8192 560476  62396 709084    0    0     0     6   66  116  0  0 100  0  0
 0  0   8192 560728  62396 709084    0    0     0     1   66  119  0  0 100  0  0
 0  0   8192 560728  62396 709084    0    0     0     0   64  116  0  0 100  0  0
 0  0   8192 560728  62396 709084    0    0     0     0   66  118  0  0 100  0  0
 0  0   8192 560476  62396 709084    0    0     0     0   64  119  0  0 100  0  0
 0  0   8192 559972  62408 709092    1    0     1     7   73  135  0  0 100  0  0
 0  0   8192 559972  62408 709092    0    0     0     1   66  117  0  0 100  0  0
 0  0   8192 560224  62408 709092    0    0     0     0   66  117  0  0 100  0  0
 0  0   8192 560224  62416 709092    0    0     0     1   67  126  0  0 100  0  0
