-sistema--
búfer
45736
44912
44916
44932
44956
44960
44972
44980
44996
45004
45008
45020
45048
45052
45064
45068
44740
44756
32264
28712
25740
-sistema--
búfer
20060
20172
20248
20288
20372
20388
20404
20420
22552
22960
23144
24432
24456
24920
21536
21216
21800
21872
21920
21936
21960
-sistema--
búfer
22012
22036
22060
22076
22100
22124
22140
22156
22220
22244
21484
21516
21540
21564
21580
15524
9520
9540
9568
9584
9600
-sistema--
búfer
9624
9648
9672
9704
9728
9752
9772
9796
8788
8948
8988
9144
9172
9196
9212
9236
9252
9276
9300
9324
9340
-sistema--
búfer
9372
9388
9412
10532
8444
8480
8532
8560
8576
8592
8616
8632
8664
9088
9112
9144
9160
9176
9200
9216
9248
-sistema--
búfer
9264
9288
9304
9320
9336
9360
9676
9852
9908
9924
9940
9964
9988
10004
10028
10036
10044
10068
10084
10236
10244
-sistema--
búfer
10260
10276
10292
10316
10324
10332
10348
10372
10388
10412
10420
10512
10520
10548
10564
10588
10596
10612
10644
10660
10816
-sistema--
búfer
10840
10856
10872
10896
10912
10944
10968
11008
11040
11056
11080
11104
11120
11128
11136
11152
11160
11192
11208
11232
11248
-sistema--
búfer
11264
11280
11296
11312
11336
11352
11388
11404
11428
11436
11468
11492
11508
11532
11548
11572
11600
11616
11632
11648
11656
-sistema--
búfer
11680
11696
11712
11736
11784
11800
11824
11840
11856
11872
11888
11904
11920
11936
11952
11984
12000
12016
12036
12052
12060
-sistema--
búfer
12076
12092
12116
12132
12148
12172
12188
12204
12220
12244
12260
12276
12292
12316
12340
12356
12372
12388
12404
12436
12452
-sistema--
búfer
12468
12552
12740
12756
12780
12796
12828
12844
12868































































































































































































































































































































































































































































































































































































































































































































































