------cpu-----
caché
1197636
1178380
1178444
1178444
1178440
1178576
1178580
1178580
1178712
1178712
1178712
1178708
1178716
1178720
1178720
1178720
1163692
1161992
858456
823620
746044
------cpu-----
caché
685376
661456
663172
663784
640076
640276
640336
640392
667108
670240
668628
718452
720636
742124
657184
581776
581628
581068
592144
588836
588876
------cpu-----
caché
590580
590308
589416
591080
591888
592060
592104
592164
592536
592556
570056
570196
570204
569404
570296
487500
429932
431068
433748
436568
436712
------cpu-----
caché
436236
437076
437632
437848
437620
438200
437628
438576
396652
401060
400536
400872
398696
398840
398100
398448
395188
395252
396076
395392
395468
------cpu-----
caché
396332
396500
396552
457756
369196
371120
371584
371516
373900
374064
373320
374256
375064
378600
378708
379924
379948
380092
380088
380108
380144
------cpu-----
caché
379488
380660
380744
381240
380492
381328
387740
390500
388900
389748
389756
388968
389788
389820
389952
389952
390084
390200
390208
390212
390240
------cpu-----
caché
390248
390288
390316
390320
390320
390348
390356
390380
390396
390456
390456
404608
404616
404628
404632
404668
404672
404836
404032
404040
404604
------cpu-----
caché
405388
404780
405600
405600
405636
405696
404900
404968
405024
405144
405156
405980
406012
406020
406024
406024
406052
406052
406080
406092
406112
------cpu-----
caché
406304
406304
406308
406308
406832
406840
406880
406880
406908
406920
406920
406920
406984
407008
407032
407060
407060
407064
407068
407224
407236
------cpu-----
caché
407252
407264
407288
408156
407348
407348
407368
407380
407388
407404
407432
407448
407448
407452
407476
407532
407548
407564
407588
407588
407588
------cpu-----
caché
407592
407724
407752
407768
407784
407792
407852
407876
407876
407876
407908
407920
407932
407932
407968
407960
407972
407972
408028
407268
406488
------cpu-----
caché
407292
431984
425724
425736
425740
425764
425728
425696
425700































































































































































































































































































































































































































































































































































































































































































































































