-----io----
libre
548176
547680
547428
547428
547428
547428
547428
547428
525472
525496
525496
525496
525496
525496
525244
525496
525496
525244
525244
525180
525180
-----io----
libre
525180
525180
525180
524964
524728
524980
524980
524980
524980
524728
524720
524768
524768
419044
419968
432284
431900
436476
433988
310400
375396
-----io----
libre
385484
385452
385452
385452
385704
385452
385452
385452
385452
385444
385420
385484
385476
385476
385460
385436
385436
385436
385428
385428
385428
-----io----
libre
385428
385452
385192
385192
385192
385192
385192
385192
385192
385192
385444
385444
385192
385192
385192
385192
385192
385192
385192
385192
385192
-----io----
libre
385444
385444
385444
385444
385192
385192
385192
385444
385444
385444
385444
385444
385444
385192
385192
384688
383640
383356
383608
383608
383860
-----io----
libre
383860
383608
383608
383608
383608
383860
383860
383860
383600
383600
383600
383852
383852
383852
313772
334444
334256
334256
334256
334256
334232
-----io----
libre
334232
88956
78704
185272
202516
181088
174392
560676
560676
560676
560928
560928
560928
560928
560928
560928
560928
560928
561156
561156
561156
-----io----
libre
561156
561408
561408
561408
561408
561156
561156
561156
561156
561156
561156
561156
561156
560904
560904
560904
560904
560904
560904
560904
560652
-----io----
libre
560652
560652
560728
560476
560728
560728
560728
560476
559972
559972
560224
560224
